image: office_map.pgm
resolution: 0.038000
origin: [-32.589200, -13.421400, 0.000000]
negate: 0
occupied_thresh: 0.0
free_thresh: 0.0
